0.767731
0.9108089
0.895045
0.8944327
0.29966232
0.82826775
0.7885941
0.8707015
0.80011034
0.61796194
0.89750993
0.70121235
0.9134531
0.9063269
0.59571254
0.9722398
0.8760007
0.8704228
0.73555076
0.90857875
0.7161725
0.6907725
0.7993934
0.40625474
0.89105266
0.9019312
0.69775504
0.8526387
0.9729392
0.68962777
0.8659597
0.8842141
0.9583122
0.45800436
0.78874815
0.7629978
0.64879256
0.7945201
0.8688192
0.96372443
0.9436224
0.7892034
0.8974421
0.9085969
0.97100365
0.87925744
0.85112196
0.72424614
0.8226152
0.707529
0.8674925
0.9098025
0.8894533
0.8254342
0.7233651
0.17826968
0.70843303
0.85214955
0.49884582
0.84112656
0.8636309
0.8212139
0.5958042
0.72518826
0.56993586
0.5767257
0.66510516
0.81266636
0.647632
0.8183601
0.93050534
0.31503266
0.9102662
0.8117722
0.83710057
0.5419777
0.5705153
0.7868748
0.860288
0.785248
0.6098458
0.62970614
0.7133379
0.82317126
0.7697519
0.80707085
0.77458787
0.7601089
0.57097703
0.87953746
0.5969565
0.9427385
0.5965922
0.7636668
0.84426415
0.7941979
0.91264933
0.8941275
0.9469286
1.0000001
0.9607735
0.67551684
0.91338354
0.9713842
0.6458094
0.81917363
0.76508427
0.53557867
0.87222975
0.82272935
0.96476406
0.8709511
0.90074205
0.61700094
0.4589606
0.8464431
0.90797716
0.6354667
0.8767364
0.8529297
0.87855357
0.69711417
0.9916193
0.91881186
0.9153916
0.9712644
0.93268925
0.91725266
0.9160509
0.7454572
0.8694711
0.9077106
0.744844
0.7923935
0.83082896
0.81099075
0.9246314
0.9256366
0.92840433
0.7299614
0.76879114
0.8866571
0.9299766
0.70938104
0.48585224
0.8243797
0.57342285
0.74611276
0.8909583
0.9375548
0.7809297
0.895745
0.86743224
0.97909576
0.89630127
0.75865114
0.7838174
0.82126266
0.83767086
0.9069681
0.9382179
0.95272475
0.79390556
0.7266463
0.839314
0.84065914
0.95980674
0.8696007
0.7929859
0.731798
0.9056475
0.7451285
0.8220282
0.9162596
0.8094013
0.9472017
0.9075536
0.97661364
0.5920139
0.9010244
0.87878436
0.6639351
0.91344315
0.79850376
0.71416646
0.38390857
0.7645179
0.8818827
0.8459424
0.5887321
0.7085073
0.8351033
0.64784783
0.69271594
0.8647995
0.98712194
0.9342584
0.87331015
0.8926966
0.7714662
0.84716856
0.9399127
0.9658394
0.95730764
0.9691204
0.8688254
0.9338644
0.6304987
0.69964296
0.9610467
0.9640128
1.0000001
0.86917937
0.7656314
0.9041077
0.95829654
0.85863537
0.92473024
0.7792186
0.8023405
0.8159515
0.9667638
0.7308725
0.76461565
0.94881743
0.9448599
0.7988199
0.6274328
0.9358026
0.8676825
0.9404631
0.9648122
0.60236835
0.8092661
0.8596291
0.8432025
0.7702941
0.8316366
0.9452708
0.7829658
0.9412777
0.8870582
0.8840759
0.82811403
0.8394115
0.8866998
0.7995355
0.7495767
0.8041318
0.94145346
0.862598
0.97306776
0.8283308
0.60882527
0.5614012
0.7184121
0.72999454
0.6441735
0.8396422
0.5782672
0.6944456
0.70652616
0.8603238
0.98826766
0.83827347
0.74312097
0.8945843
0.7988615
0.9246121
0.76527506
0.98594946
0.94532126
0.7122019
0.8847178
0.7025718
0.7692821
0.8125866
0.8269142
0.6759984
0.8065668
0.8720797
0.9625977
0.96458447
0.9646881
0.83990926
0.77725303
0.9416822
0.8433676
0.9415971
0.56454575
0.84560585
0.5888605
0.7847993
0.8225485
0.77861667
0.73549145
0.87790906
0.3417073
0.6035807
0.538651
0.35730332
0.9377079
0.6918032
0.89389265
0.8449202
0.7036985
0.90592843
0.83073187
0.8638589
0.60789555
0.85482496
0.7324587
0.69743204
0.94364315
0.83421415
0.8980851
0.90210575
0.92134523
0.83566517
0.4730662
0.9277535
0.7922002
0.7711334
0.85595953
0.7472341
0.90282744
0.6418883
0.8983707
0.77636087
0.89506894
0.59058756
0.90382826
0.7535854
0.9640128
1.0000001
0.90333194
0.8873022
0.8889498
0.7951452
0.7724428
0.82231045
0.8135355
0.8663679
0.8556361
0.8736273
0.66694874
0.83833325
0.87935066
0.92374873
0.8397465
0.68801665
0.8040545
0.76017535
0.84189826
0.7556571
0.6904953
0.81236815
0.6550253
0.87211114
0.8863578
0.33095703
0.871328
0.9866545
0.9490633
0.8627177
0.6740812
0.8746148
0.7849164
0.87399226
0.8467492
0.71317756
0.9572011
0.94756687
0.8459284
0.76641434
0.8913178
0.91779023
0.83876413
0.9713944
0.886012
0.7653738
0.6608477
0.64856476
0.9304498
0.8029392
0.66884506
0.96943635
0.5591206
0.6208717
0.7681256
0.7030744
0.68542284
0.60929966
0.93148315
0.64242834
0.70066345
0.8278483
0.5829582
0.60190094
0.76697236
0.8091389
0.79903865
0.33714476
0.84888625
0.6397874
0.85345566
0.9816996
0.7265223
0.92821425
0.62806255
0.63459086
0.8424545
0.7359242
0.73793703
0.6962591
0.94409704
0.7513145
0.8899441
0.93319446
0.9889693
0.98922175
0.95532584
0.7704706
0.62458074
0.81541556
0.8177106
0.907897
0.82039785
0.84125507
0.91167855
0.6950922
0.7829486
0.7833095
0.7949125
0.91613686
0.86490846
0.8719064
0.8640875
0.9131978
0.87100106
0.88898623
0.9249445
0.879011
0.9268905
0.9694641
0.90084666
0.94253796
0.946303
0.83272016
0.84667367
0.92450345
0.8307199
0.77537465
0.9655721
0.8998703
0.8195635
0.83724135
0.8610115
0.7402015
0.92063135
0.8644573
0.80588806
0.78192264
0.8860565
0.8488832
0.8514762
0.8794212
0.8753416
0.8735042
0.83461225
0.916744
0.45717144
0.6428825
0.8438006
0.8169529
0.5610368
0.72079545
0.88529974
0.8824089
0.8484125
0.7959565
0.8715551
0.9291993
0.25202334
0.4570724
0.79182976
0.8787726
0.8373597
0.82424897
0.9711918
0.9505501
0.9180556
0.90694535
0.7795387
0.9613835
0.87591696
0.91778404
0.53933436
0.5696241
0.92381895
0.77168965
0.9081044
0.83600134
0.9149601
0.90234405
0.7070148
0.58800286
0.9532647
0.9551564
0.8211242
0.7440735
0.9418313
0.83374524
0.78403246
0.7913627
0.74615353
0.93951064
0.85099626
0.79040474
0.71057296
0.86456263
1.0000001
0.8810621
0.8967882
0.7722705
0.96335816
0.9219712
0.8895626
0.9489329
0.95697033
0.95393795
0.94120353
0.8689655
0.98622036
0.6216831
0.78254324
0.8574757
0.42479149
0.9112213
0.7347917
0.8921601
0.78782654
1.0
0.82012653
0.9567676
0.9827942
0.93762505
0.83873594
0.92141074
0.8575563
0.6996279
0.83363044
0.965503
0.9551239
0.8895979
0.8696968
0.90814066
0.9373701
0.7807177
0.97607917
0.88266015
0.85752046
0.96647877
0.6734733
0.94031984
0.8352712
0.8769617
0.92504275
0.8329025
0.2586762
0.88447094
0.757566
0.6988615
0.97712636
0.98008
0.8309143
0.96820605
0.94142634
0.87571853
0.9411542
0.93304527
0.93969184
0.76173216
0.8499084
0.93924075
0.9644275
0.94557387
0.812985
0.47596335
0.63612753
0.9780522
0.9458075
0.7488041
0.5108306
0.93595934
0.6635361
0.5578636
0.92599624
0.8372046
0.90438205
0.91910255
0.9766864
0.9137502
0.9409191
0.76698345
0.94575083
0.6895456
0.9038742
0.85196203
0.9097113
0.9748368
0.95528424
0.6602981
0.57446563
0.97973275
0.85953116
0.895416
0.9272511
0.8624772
0.72447056
0.80800575
0.6925075
0.91827506
0.9788011
0.9716705
0.9670096
0.9148956
0.92249966
0.8672116
0.86920786
0.8749892
0.17133737
0.78630906
0.94791675
0.8880151
0.87888426
0.9552015
0.8913288
0.9268158
0.33082366
0.87327504
0.84476316
0.9358516
0.9306269
0.8711791
0.7913931
0.82451904
0.7734707
0.8433851
0.9640128
1.0000001
0.87678486
0.89519453
0.3310311
0.8496434
0.8773311
0.8293322
0.8484747
0.8915662
0.9654818
0.7288156
0.90085953
0.78244364
0.69153833
0.78771937
0.5502726
0.8741829
0.95710754
0.89260834
0.81056905
0.5350618
0.85212857
0.7412986
0.6330484
0.6566899
0.54163164
0.8533689
0.83821285
0.982416
0.59171075
0.80031705
0.9156031
0.88683623
0.8247847
0.6255366
0.8027804
0.849833
0.8453411
0.90437084
0.69614357
0.7446428
0.62759227
0.8193735
0.4921165
0.8826592
0.83520144
0.95596355
0.9527402
0.7407363
0.72993493
0.85201615
0.7107491
0.47168502
0.9157368
0.7234276
0.76673037
0.7326486
0.85359925
0.9718618
0.93280745
0.5710072
0.59487337
0.62453675
0.90298116
0.81498075
0.8761577
0.8974264
0.5417637
0.81304175
0.79347694
0.9483821
0.8093943
0.56999826
0.8211616
0.9098781
0.9688651
0.5913569
0.9304269
0.9688084
0.91937953
0.40342104
0.5830432
0.90078133
0.8939158
0.7289486
0.7575821
0.20112531
0.88860255
0.6659239
0.44176775
0.90548456
0.76577634
0.94771874
0.8638891
0.916936
0.65180516
0.9420359
0.5183951
0.8870062
0.8747529
0.9443202
0.87414634
0.801157
0.7458323
0.8231238
0.914297
0.24044292
0.693247
0.7884196
0.9148428
0.8708267
0.89080936
0.7940452
0.7523183
0.8456398
0.7856578
0.86666584
0.9786994
0.6861598
0.69432366
0.9180302
0.9872106
0.42757854
0.67288935
0.60085416
0.97193897
0.83715475
0.8101535
0.7527236
0.6887008
0.916928
0.8909152
0.66330785
0.9620171
0.91484535
0.8888337
0.83849376
0.6531322
0.8518945
0.77244765
0.28042063
0.9442931
0.77767724
0.9814558
0.77310497
0.85059065
0.70837045
0.91528296
0.8913671
0.8540381
0.8837691
0.5989101
0.85528576
0.7664141
0.39559072
0.38192102
0.7823075
0.69808584
0.8442406
0.34642807
0.51247233
0.3693471
0.76873404
0.14143632
0.49108317
0.8160052
0.74936676
0.75530386
0.86048347
0.93973255
0.8546229
0.51529783
0.6396502
0.71358955
0.59390664
0.48109055
1.0000001
0.8004838
0.9065787
0.6827999
0.6544873
0.9311
0.95331454
0.914878
0.2876811
0.5764626
0.8911477
0.97146505
0.85786825
0.9143363
0.88665533
0.93546295
0.6496129
0.8768556
0.13245523
0.88407236
0.72837025
0.58036655
0.8912832
0.864961
0.7653987
0.810105
0.756858
0.84711385
0.854615
0.9166144
0.8294787
0.9548884
0.6946351
0.83665556
0.8399296
0.7695838
0.9349414
0.9169338
0.5180771
0.7929281
0.45749834
0.96075726
0.904068
0.8940312
0.69269276
0.72879773
0.58781147
0.89076364
0.94601417
0.74476385
0.93083066
0.7291803
0.8058139
0.694258
/Users/fujisakiharuto/aq/paraphrase-mpnet-base-v2
